385 483
168 124
170 61
69 296
416 204
421 466
380 251
380 36
380 342
170 317
168 362
85 373
298 119
108 124
170 51
85 22
195 124
171 127
171 45
439 124
63 62
419 239
304 185
60 235
438 244
287 170
106 124
306 93
296 119
366 177
177 124
348 60
393 25
393 17
190 393
369 67
385 242
73 162
365 171
182 396
111 15
369 266
369 124
84 76
176 291
430 119
95 393
467 119
63 217
423 124
444 244
63 119
444 461
303 387
426 119
428 427
408 201
423 456
464 15
296 255
416 151
392 189
370 73
288 171
364 171
306 360
367 368
390 119
193 406
193 102
193 199
193 197
193 198
193 101
193 104
192 188
367 34
231 284
100 307
182 119
445 124
422 112
112 124
74 245
94 184
428 22
75 72
291 449
415 124
291 34
392 34
286 9
375 78
78 300
87 78
294 78
179 15
380 297
84 124
385 92
385 383
385 381
385 384
385 305
385 382
385 98
385 389
419 414
66 124
293 66
411 229
303 204
295 78
392 7
392 25
392 134
181 315
193 256
193 31
193 275
193 148
193 486
193 489
193 480
193 499
192 35
376 119
78 119
94 10
94 119
78 247
78 56
419 492
410 37
492 307
497 307
462 307
284 21
395 15
103 119
286 35
405 124
380 318
385 347
395 150
395 268
307 264
307 283
307 226
284 1
284 324
284 5
284 345
