0 tag 0 2059 3474
1 tag 1 2468 1962
2 tag 2 3221 1749
3 tag 3 1493 2967
4 tag 4 3531 1007
5 tag 5 1743 2066
6 tag 6 2054 487
7 tag 7 1939 1320
8 tag 8 2816 2988
9 comment 9 1518 2076
10 tag 10 2005 3055
11 tag 11 2208 2204
12 person 12 2799 3326
13 tag 13 2744 1644
14 tag 14 2766 2252
15 country 15 2503 2669
16 tag 16 3218 2632
17 tag 17 2515 2565
18 tag 18 2901 1879
19 country 19 2123 2889
20 country 20 2566 2165
21 country 21 1864 2432
22 country 22 1875 1765
23 tag 23 2039 1111
24 tag 24 1975 1686
25 tag 25 2264 2064
26 tag 26 3399 3125
27 tag 27 1639 2476
28 tag 28 1520 3069
29 tag 29 1769 2978
30 person 30 1492 2047
31 person 31 2072 2062
32 tag 32 2113 1921
33 country 33 2979 1459
34 country 34 1802 2057
35 country 35 1455 1011
36 tag 36 3694 1500
37 tag 37 1462 2524
38 tag 38 3272 1610
39 tag 39 2266 3249
40 tag 40 2572 2451
41 tag 41 1689 1761
42 tag 42 835 3402
43 tag 43 2031 2741
44 tag 44 1655 2269
45 tag 45 1716 3135
46 tag 46 2748 903
47 person 47 1019 2578
48 tag 48 3383 1399
49 person 49 2160 1995
50 tag 50 2077 1316
51 tag 51 1827 2672
52 tag 52 2352 2347
53 tag 53 2056 2668
54 tag 54 2558 1720
55 tag 55 1396 2586
56 tag 56 3645 3298
57 tag 57 2020 3323
58 tag 58 2884 2183
59 tag 59 1682 2927
60 post 60 3263 2045
61 post 61 2188 1493
62 post 62 2123 4233
63 comment 63 2215 3458
64 forum 64 1322 1987
65 post 65 2531 1657
66 post 66 2617 2659
67 comment 67 911 1701
68 post 68 1558 1020
69 comment 69 2733 1986
70 forum 70 3433 3036
71 forum 71 2120 2476
72 comment 72 1312 2551
73 post 73 2893 1224
74 post 74 3163 1904
75 comment 75 1654 2110
76 post 76 2412 1868
77 comment 77 2110 2147
78 comment 78 3050 2727
79 comment 79 1890 3633
80 comment 80 1208 3346
81 comment 81 1538 2800
82 comment 82 2315 2525
83 comment 83 2955 2031
84 comment 84 2811 1956
85 comment 85 1085 3084
86 comment 86 2638 2120
87 comment 87 3356 2399
88 forum 88 3213 2910
89 comment 89 1512 1033
90 post 90 3051 1396
91 comment 91 2381 1540
92 post 92 2720 1933
93 comment 93 1739 1563
94 comment 94 2183 2774
95 comment 95 3210 2678
96 comment 96 1713 2850
97 post 97 3355 2519
98 post 98 3016 2541
99 post 99 2552 3330
100 comment 100 3017 2283
101 post 101 1527 2575
102 post 102 2918 2041
103 comment 103 2878 1832
104 post 104 2084 2351
105 comment 105 2502 3129
106 post 106 2419 1942
107 post 107 2586 2456
108 comment 108 3281 1564
109 comment 109 737 1578
110 post 110 3174 1468
111 comment 111 1703 2283
112 post 112 1718 1831
113 post 113 1920 2060
114 comment 114 3744 3170
115 comment 115 3222 1382
116 country 116 3804 2637
117 tag 117 2151 2117
118 tag 118 3193 1496
119 country 119 2190 2494
120 tag 120 1265 2026
121 person 121 2583 3071
122 country 122 1133 1804
123 country 123 1346 2490
124 country 124 3040 2844
125 tag 125 3178 2832
126 tag 126 1450 3235
127 tag 127 918 3363
128 tag 128 2961 1175
129 tag 129 1254 3043
130 person 130 1388 1944
131 person 131 3075 3264
132 tag 132 2719 688
133 tag 133 3540 1284
134 tag 134 2131 2731
135 tag 135 2186 1571
136 tag 136 1831 3654
137 tag 137 1914 1510
138 tag 138 2904 1582
139 tag 139 2895 1710
140 person 140 1877 2902
141 tag 141 2767 1988
142 tag 142 2629 837
143 tag 143 992 3283
144 tag 144 1351 2280
145 tag 145 1797 1433
146 person 146 2027 2963
147 tag 147 2560 2181
148 person 148 1941 1983
149 tag 149 3077 1640
150 tag 150 2313 2752
151 tag 151 2527 2552
152 tag 152 1369 2556
153 tag 153 2435 2169
154 tag 154 1415 3272
155 tag 155 2744 2898
156 tag 156 2275 1694
157 tag 157 2390 3503
158 person 158 2960 1505
159 tag 159 3005 1695
160 tag 160 3151 2485
161 tag 161 2697 1771
162 person 162 2913 965
163 tag 163 1668 3217
164 tag 164 1792 2987
165 tag 165 2193 1147
166 tag 166 2284 2254
167 tag 167 2965 1585
168 comment 168 2220 2409
169 comment 169 1614 2745
170 comment 170 2536 1963
171 post 171 1641 2799
172 comment 172 2273 2922
173 comment 173 2090 2899
174 comment 174 2409 2510
175 forum 175 2900 2712
176 forum 176 1014 2306
177 post 177 3328 2228
178 forum 178 1617 2200
179 post 179 3363 1465
180 post 180 1629 2336
181 comment 181 2351 2946
182 comment 182 1786 2165
183 comment 183 992 2603
184 post 184 2498 2958
185 comment 185 3282 2857
186 post 186 2678 1157
187 post 187 3051 1696
188 comment 188 2754 1780
189 post 189 1908 1536
190 comment 190 3053 2839
191 post 191 1364 2448
192 comment 192 2797 1198
193 forum 193 1410 1843
194 comment 194 3198 1711
195 post 195 2705 1923
196 comment 196 2836 3027
197 post 197 676 1560
198 post 198 2343 2283
199 post 199 2219 2835
200 country 200 2911 1011
201 country 201 1850 1775
202 country 202 1432 1967
203 country 203 2524 2514
204 country 204 2430 2224
205 tag 205 1203 1875
206 tag 206 2524 2543
207 tag 207 2268 2893
208 tag 208 1091 3691
209 tag 209 1769 2915
210 tag 210 2693 1197
211 tag 211 1663 1753
212 tag 212 1756 2567
213 person 213 3049 2592
214 tag 214 3364 2274
215 tag 215 2578 1476
216 tag 216 3172 1622
217 person 217 2289 3890
218 tag 218 1513 2479
219 tag 219 3548 1386
220 person 220 2702 2501
221 person 221 2558 2792
222 tag 222 2111 1991
223 tag 223 3173 1990
224 tag 224 2448 1931
225 tag 225 2369 2114
226 tag 226 2547 2059
227 country 227 1840 1527
228 tag 228 1353 2446
229 person 229 2820 1956
230 country 230 1641 1420
231 comment 231 2256 1710
232 tag 232 2888 3256
233 person 233 1136 1998
234 tag 234 2663 1727
235 person 235 3108 1599
236 tag 236 2911 3736
237 tag 237 2953 3102
238 tag 238 1896 2455
239 tag 239 1418 3390
240 tag 240 2091 1694
241 tag 241 2023 2173
242 tag 242 1633 3039
243 country 243 2526 1896
244 country 244 2907 2279
245 country 245 1875 2302
246 tag 246 2572 1209
247 tag 247 2743 3035
248 tag 248 2175 2161
249 tag 249 1826 1368
250 tag 250 1009 3558
251 tag 251 2136 2654
252 tag 252 3161 3195
253 tag 253 1090 2876
254 tag 254 1374 2310
255 tag 255 2355 1235
256 person 256 591 1716
257 tag 257 2684 2559
258 person 258 2205 1381
259 tag 259 1810 2102
260 tag 260 925 3555
261 tag 261 2034 2744
262 tag 262 3757 2422
263 tag 263 911 2694
264 tag 264 2157 1614
265 tag 265 3072 1191
266 person 266 1358 2532
267 person 267 1387 3496
268 tag 268 3727 2554
269 tag 269 1345 3228
270 tag 270 1481 1431
271 tag 271 1417 1947
272 tag 272 2804 3044
273 tag 273 3233 2011
274 tag 274 3598 2938
275 person 275 823 1628
276 tag 276 2549 1760
277 tag 277 3056 1892
278 tag 278 1588 2014
279 tag 279 3331 1608
280 tag 280 1600 2132
281 tag 281 2560 1618
282 tag 282 2140 2351
283 tag 283 1411 2086
284 comment 284 2391 1899
285 tag 285 1364 2511
286 comment 286 1441 1927
287 comment 287 3155 1458
288 comment 288 787 1672
289 comment 289 664 3521
290 comment 290 2497 3697
291 post 291 1101 3118
292 forum 292 1528 3037
293 forum 293 1669 3121
294 comment 294 1830 1265
295 comment 295 3383 2682
296 comment 296 2333 1438
297 comment 297 3271 1973
298 post 298 1531 2183
299 post 299 2148 2203
300 post 300 2606 3551
301 comment 301 817 1915
302 comment 302 2001 3496
303 comment 303 2425 2385
304 comment 304 2711 2537
305 post 305 2018 2194
306 comment 306 2639 2694
307 comment 307 2263 2496
308 comment 308 1781 1547
309 comment 309 1060 1945
310 country 310 2571 1491
311 country 311 888 1887
312 country 312 2193 1587
313 tag 313 2122 2622
314 country 314 2684 2245
315 country 315 2824 2896
316 person 316 3264 1873
317 country 317 2723 3048
318 country 318 1335 1205
319 country 319 2735 1418
320 country 320 2864 2521
321 tag 321 3259 2208
322 tag 322 3502 1990
323 tag 323 1944 3401
324 tag 324 2452 1823
325 tag 325 1788 2202
326 tag 326 2127 998
327 tag 327 3505 1418
328 tag 328 2777 1862
329 tag 329 3735 1306
330 tag 330 2468 3198
331 tag 331 3732 2814
332 tag 332 1914 1824
333 tag 333 1440 2913
334 tag 334 3481 1188
335 person 335 2307 1998
336 tag 336 2216 2689
337 person 337 2184 1456
338 tag 338 1680 1412
339 person 339 2304 1373
340 tag 340 1424 2274
341 tag 341 2747 1072
342 tag 342 3504 1646
343 tag 343 2704 3501
344 tag 344 1589 1977
345 tag 345 2082 2166
346 tag 346 2291 2164
347 person 347 1678 3069
348 forum 348 3684 2415
349 person 349 1178 2014
350 person 350 2475 2747
351 tag 351 2537 2107
352 tag 352 1851 2067
353 person 353 1507 3200
354 person 354 3245 2221
355 tag 355 2863 2472
356 tag 356 1982 2677
357 tag 357 3218 1386
358 person 358 1747 1792
359 tag 359 2190 849
360 tag 360 3159 1827
361 tag 361 2979 2655
362 post 362 1514 2820
363 comment 363 1961 3385
364 comment 364 1267 3177
365 comment 365 2931 3317
366 forum 366 3394 1511
367 comment 367 2481 2293
368 post 368 3235 1739
369 comment 369 1598 2984
370 forum 370 2907 1339
371 comment 371 3070 2026
372 comment 372 2155 2078
373 post 373 2026 2778
374 post 374 2034 2851
375 comment 375 3298 1568
376 comment 376 2658 2284
377 comment 377 2909 1233
378 post 378 1380 3355
379 comment 379 2736 2678
380 comment 380 2775 1820
381 post 381 1833 2629
382 post 382 3087 1891
383 post 383 2042 2240
384 post 384 1573 3104
385 forum 385 2225 2362
386 comment 386 3573 1946
387 post 387 3028 1786
388 comment 388 1310 2575
389 post 389 2195 2822
390 comment 390 1299 3185
391 comment 391 1823 2553
392 comment 392 2243 2008
393 post 393 2474 2448
394 comment 394 2098 3644
395 comment 395 2975 2368
396 post 396 1460 2498
397 comment 397 3025 2462
398 comment 398 3263 1245
399 comment 399 2895 1978
400 comment 400 801 1524
401 comment 401 2830 2939
402 comment 402 1723 1735
403 comment 403 2696 2946
404 comment 404 2952 3306
405 comment 405 3103 3136
406 post 406 2689 2999
407 post 407 1807 2268
408 comment 408 2245 1902
409 comment 409 1728 2873
410 comment 410 1867 2542
411 post 411 1741 3066
412 comment 412 2870 2241
413 comment 413 1546 2396
414 post 414 2807 2940
415 comment 415 1326 3045
416 comment 416 2380 2419
417 comment 417 1346 3451
418 forum 418 3290 2277
419 forum 419 2106 3060
420 comment 420 1389 2863
421 comment 421 2416 2664
422 forum 422 1466 1166
423 comment 423 2994 2198
424 post 424 2223 2974
425 comment 425 1509 1706
426 comment 426 3183 3162
427 post 427 2543 1853
428 comment 428 1664 1222
429 comment 429 1047 3337
430 post 430 1842 2542
431 comment 431 1656 1752
432 forum 432 2283 1752
433 comment 433 2894 1012
434 post 434 2986 2148
435 post 435 2732 2239
436 post 436 2850 1081
437 post 437 1900 3073
438 post 438 3430 1778
439 post 439 2314 2523
440 post 440 2265 2628
441 forum 441 1196 2997
442 comment 442 1167 1889
443 post 443 1509 1780
444 comment 444 2863 2688
445 post 445 2331 2200
446 comment 446 652 3650
447 post 447 1766 2734
448 post 448 2577 1797
449 person 449 2469 2255
450 comment 450 3216 2291
451 person 451 1970 1663
452 person 452 1852 1487
453 person 453 2213 1376
454 person 454 2234 1334
455 person 455 1458 2471
456 person 456 3199 2095
457 comment 457 1570 2238
458 person 458 2277 1812
459 person 459 2815 3244
460 person 460 2391 1410
461 person 461 2682 2683
462 person 462 2240 2652
463 person 463 2743 3573
464 comment 464 2106 2038
465 comment 465 3002 3385
466 comment 466 2897 3132
467 post 467 2239 2017
468 person 468 1632 1530
469 person 469 2138 1817
470 person 470 2441 2866
471 person 471 1727 2959
472 person 472 2121 2274
473 person 473 3395 1510
474 person 474 1331 3121
475 person 475 2840 1163
476 person 476 1053 3026
477 person 477 2110 2430
478 person 478 1751 2274
479 post 479 2055 1518
480 person 480 1220 2952
481 post 481 3041 1987
482 forum 482 1533 3615
483 person 483 2453 2803
484 person 484 1013 3181
485 person 485 1747 3539
486 person 486 1962 958
487 person 487 2665 2755
488 person 488 1982 1398
489 person 489 735 1451
490 person 490 1460 1495
491 person 491 1489 2210
492 person 492 2854 2201
493 person 493 809 3741
494 person 494 3396 3091
495 person 495 2067 2058
496 person 496 1685 2216
497 person 497 1476 2079
498 person 498 3430 2721
499 person 499 1027 1295
