740 9
738 488
816 428
903 67
760 420
670 98
732 29
765 366
887 366
680 86
732 83
671 42
1019 456
848 426
800 426
779 426
1004 426
955 426
988 426
775 426
965 426
767 426
945 426
1006 426
787 426
983 426
839 426
604 426
966 426
947 426
712 426
969 426
838 426
998 426
625 139
557 175
722 187
834 324
864 141
732 195
783 180
736 367
677 179
615 89
617 89
670 153
909 120
900 120
919 120
864 396
807 269
912 244
993 82
751 82
974 30
1019 343
761 505
316 784
231 641
316 521
316 520
313 804
447 811
380 711
254 684
316 694
316 658
316 643
316 544
365 735
225 725
177 927
259 646
115 1000
316 714
316 696
316 649
246 843
316 702
316 825
380 812
308 655
511 530
43 542
316 937
316 1011
329 530
419 687
316 590
316 534
308 540
419 581
381 790
179 893
470 892
364 588
316 788
115 999
244 527
316 946
225 982
229 980
308 699
222 701
110 624
485 697
247 872
308 986
463 991
235 1001
316 637
426 895
316 700
229 674
65 628
472 647
33 647
66 773
104 599
317 817
500 642
316 533
316 528
108 553
410 1030
316 634
115 897
316 695
65 964
316 1031
485 603
179 580
168 549
212 549
170 620
316 891
316 598
389 996
433 545
115 734
222 578
372 907
301 907
179 691
106 617
316 1010
316 657
412 1029
179 644
374 609
389 828
392 758
500 823
392 771
316 953
316 703
316 950
316 886
115 905
390 1032
381 661
512 546
316 653
316 850
316 928
104 709
365 976
316 585
50 623
316 766
115 786
316 651
374 885
486 992
326 764
316 704
511 747
254 787
350 949
512 1018
115 944
225 608
502 648
333 583
37 625
246 972
316 789
316 688
381 745
316 587
380 663
225 801
390 665
417 807
107 962
316 889
316 662
308 910
104 596
232 667
268 667
44 667
379 667
406 667
434 667
435 667
312 667
302 667
413 667
45 667
409 667
221 667
387 667
220 667
469 667
114 948
423 744
115 1003
225 681
433 846
485 654
225 840
316 979
316 780
316 826
502 874
357 841
115 824
412 873
436 882
380 777
63 851
390 940
501 584
384 584
46 584
316 1023
115 1022
433 922
416 589
103 537
473 971
316 689
418 932
246 815
115 802
327 769
316 805
39 975
416 857
179 529
316 768
316 635
113 645
415 941
222 997
115 652
230 606
179 636
316 525
365 526
247 579
410 579
364 579
426 579
381 579
388 532
468 532
316 792
316 890
316 640
316 1009
316 595
225 977
316 1002
180 728
380 706
273 531
362 933
352 875
241 1028
111 926
512 926
316 524
500 547
316 690
316 887
308 664
115 591
316 896
316 593
310 871
316 939
732 829
756 954
813 929
724 601
1019 951
995 684
995 822
862 864
573 864
918 864
861 864
572 864
868 541
956 958
732 774
732 638
732 535
729 683
736 646
1019 978
673 707
738 568
731 854
901 575
1019 880
1024 772
732 566
811 796
732 534
845 883
1019 799
820 739
864 611
625 785
732 588
732 656
732 527
630 984
629 859
1019 798
630 567
1005 991
958 842
1019 1025
724 650
973 553
740 808
757 993
809 849
915 916
732 1031
864 586
915 586
630 586
876 795
551 580
732 597
676 727
719 549
868 607
1019 821
860 907
814 867
1019 1008
617 718
852 685
868 522
680 803
557 610
769 632
1020 632
623 781
899 960
902 1032
1019 827
563 557
558 557
871 1026
1019 935
717 548
551 836
679 1006
1019 1007
732 708
917 885
855 936
864 659
932 782
832 743
732 660
1019 985
732 705
673 564
731 934
865 583
1019 898
562 625
626 625
556 633
1019 981
923 686
877 762
732 594
680 666
749 1012
882 715
1024 797
732 943
618 667
554 667
721 667
806 667
833 667
726 667
574 667
814 716
732 602
868 698
680 523
617 543
1019 879
882 538
722 967
793 613
732 605
620 968
723 584
732 844
1014 970
749 884
741 569
993 612
990 748
924 791
915 888
732 952
754 737
754 938
673 847
834 713
1019 987
732 778
670 592
816 894
670 710
1019 1021
751 639
809 810
993 693
769 525
921 906
620 526
807 526
615 539
752 579
672 579
557 579
755 579
871 579
834 931
924 532
1019 942
754 582
923 925
1019 770
957 1015
856 900
748 776
670 692
615 614
752 794
751 1027
1019 794
561 675
868 536
629 963
669 600
868 989
1019 831
819 750
550 38
819 18
680 79
680 76
868 322
556 281
814 122
577 416
993 320
753 309
1019 400
576 62
864 371
549 5
732 200
744 289
958 144
756 144
731 182
559 197
820 19
761 32
868 129
759 69
629 69
881 69
904 69
631 69
553 69
615 69
617 69
565 69
763 69
746 69
548 69
832 69
762 69
834 69
863 69
906 69
853 69
961 69
571 69
993 206
868 22
761 361
930 273
678 500
914 500
870 500
837 500
868 3
557 14
732 190
672 84
738 72
761 72
868 72
855 188
751 188
994 188
680 145
570 63
1020 476
866 485
909 445
668 485
742 485
553 204
903 338
1017 483
732 8
793 70
732 337
744 119
932 119
864 100
732 446
818 512
724 128
732 80
732 27
732 1
1019 78
559 217
732 475
732 85
615 85
621 43
1019 461
732 94
751 383
830 402
868 28
793 256
1019 398
908 239
556 109
858 113
876 186
760 186
924 504
902 181
913 313
819 464
552 216
814 205
555 463
732 438
760 288
720 105
1016 360
868 160
749 495
920 410
1024 184
733 364
855 112
622 53
960 193
974 93
619 374
732 75
392 444
115 283
316 276
316 138
42 297
380 201
248 66
215 157
230 12
231 12
311 250
273 459
316 6
316 159
246 242
115 325
414 289
261 144
273 514
316 358
251 335
225 228
230 19
169 19
214 19
316 344
415 69
36 69
407 69
321 69
111 69
433 69
485 102
377 69
60 69
512 69
274 69
43 69
219 69
473 69
360 69
251 69
53 69
412 69
253 69
450 69
318 69
357 69
424 69
229 69
326 69
173 69
174 69
408 64
366 478
171 39
316 95
316 74
385 500
115 490
339 500
115 236
316 16
115 401
392 471
215 72
235 72
66 72
62 72
39 72
500 72
485 72
103 72
313 72
262 72
107 72
293 72
243 72
380 72
308 72
364 54
180 155
326 356
466 485
43 176
316 87
303 485
323 485
33 137
225 481
115 162
115 492
115 443
243 453
243 332
316 126
316 150
362 56
292 503
233 91
244 425
380 90
316 27
244 515
316 479
377 440
316 88
415 510
115 510
424 85
49 43
172 43
36 35
249 267
411 279
316 499
246 348
316 336
314 238
115 455
316 194
307 449
316 147
225 484
36 130
115 506
472 448
48 218
316 282
245 386
300 419
252 10
48 10
316 31
179 52
103 211
430 275
304 186
104 186
316 295
262 517
111 234
115 116
215 40
408 205
316 96
239 134
113 463
225 463
115 451
167 105
115 17
316 441
330 329
316 23
500 11
178 439
429 262
382 374
104 34
222 20
225 224
306 240
110 185
316 287
362 185
408 185
316 460
316 24
391 257
235 375
513 450
473 263
316 124
329 508
306 480
467 71
238 21
390 296
62 507
316 148
316 299
316 465
316 494
244 92
179 209
363 231
258 518
261 270
164 0
115 280
316 196
468 196
373 161
115 59
225 351
472 342
115 395
316 152
225 223
316 192
316 498
511 284
316 284
115 58
370 265
237 308
421 308
392 331
485 131
166 104
261 432
470 319
246 286
316 183
373 210
424 422
115 368
180 163
316 4
203 33
104 26
164 9
316 15
316 191
115 376
500 199
316 154
115 285
316 123
115 405
115 403
416 125
115 369
485 121
225 202
115 149
316 346
316 68
500 98
115 118
213 107
485 165
115 509
316 142
316 2
246 489
390 294
349 293
316 101
110 394
115 61
433 156
316 83
225 442
516 426
340 426
487 426
474 426
198 426
497 426
136 426
355 426
266 426
84 426
399 426
404 426
482 426
457 426
397 426
519 426
264 426
207 426
77 426
97 426
427 426
345 426
347 426
454 426
255 315
316 158
316 146
225 55
104 393
458 180
57 180
290 180
286 180
271 180
316 151
316 353
115 89
115 291
470 120
177 120
115 117
244 120
431 258
334 354
293 341
390 260
392 496
328 244
225 143
316 272
502 437
273 7
65 7
246 140
177 226
512 133
814 185
816 185
732 208
732 462
868 99
627 231
682 231
1019 491
878 127
811 25
722 41
1019 493
560 174
835 452
863 132
813 135
1019 477
911 308
759 290
732 277
1013 277
616 104
680 227
730 468
959 278
864 13
1019 73
756 359
902 305
864 81
552 189
732 458
673 51
551 47
559 71
769 71
752 378
1019 298
869 259
669 9
