0 tag 0 2183 2203
1 tag 1 741 773
2 tag 2 1594 1729
3 tag 3 1707 2641
4 tag 4 1702 1435
5 person 5 2942 2944
6 tag 6 3027 2773
7 country 7 1746 2761
8 tag 8 704 685
9 country 9 2000 1923
10 country 10 1295 1223
11 tag 11 2893 2944
12 tag 12 2959 2042
13 tag 13 1443 1887
14 tag 14 2017 337
15 tag 15 2414 1542
16 tag 16 2869 1520
17 person 17 2343 2903
18 country 18 3362 2540
19 country 19 2861 2919
20 tag 20 2079 1157
21 tag 21 2562 3509
22 tag 22 1669 2680
23 tag 23 1864 1836
24 tag 24 1744 1430
25 tag 25 2966 1262
26 tag 26 1767 2706
27 tag 27 922 2503
28 tag 28 1182 2905
29 tag 29 887 1195
30 tag 30 2540 1589
31 tag 31 2772 1167
32 tag 32 2507 2895
33 post 33 2209 1570
34 post 34 1867 4073
35 post 35 986 1075
36 comment 36 1152 1917
37 forum 37 2330 1580
38 post 38 1075 2323
39 post 39 1619 2746
40 comment 40 1591 2020
41 post 41 2741 3127
42 post 42 2610 1272
43 comment 43 2543 2979
44 comment 44 1634 1960
45 comment 45 2614 1613
46 comment 46 2968 2445
47 comment 47 1262 3772
48 comment 48 1237 1386
49 comment 49 1994 2813
50 forum 50 1465 1116
51 post 51 729 2282
52 comment 52 1184 3020
53 comment 53 2330 2744
54 post 54 3205 3039
55 post 55 2426 1546
56 post 56 2445 1121
57 comment 57 1855 1982
58 post 58 3167 955
59 post 59 1588 936
60 comment 60 2399 3245
61 post 61 2054 1338
62 post 62 1469 2171
63 comment 63 893 1719
64 comment 64 1369 2285
65 comment 65 1103 1376
66 post 66 2347 2848
67 country 67 1740 1245
68 tag 68 1429 1638
69 country 69 1670 3166
70 tag 70 2832 3135
71 country 71 1718 2236
72 country 72 2270 2422
73 tag 73 2837 2286
74 tag 74 1939 1604
75 tag 75 1523 946
76 tag 76 3356 1434
77 person 77 3278 2025
78 person 78 2681 1785
79 tag 79 3975 949
80 tag 80 2374 930
81 tag 81 2666 2972
82 tag 82 3111 1810
83 tag 83 2275 2922
84 person 84 3382 2159
85 tag 85 3012 1358
86 tag 86 2335 1810
87 tag 87 1497 2823
88 tag 88 2371 2857
89 person 89 2232 2997
90 tag 90 3735 1571
91 tag 91 2437 2182
92 tag 92 1235 3032
93 tag 93 1672 2362
94 tag 94 940 1515
95 tag 95 1913 1911
96 tag 96 2142 2862
97 person 97 2234 1682
98 tag 98 1882 2153
99 tag 99 1598 2738
100 tag 100 2247 2995
101 tag 101 1397 1685
102 tag 102 1375 2276
103 comment 103 2023 1857
104 comment 104 1939 2765
105 post 105 2907 2575
106 comment 106 3215 1436
107 post 107 2437 2894
108 forum 108 2199 1891
109 post 109 2827 2052
110 comment 110 2866 2114
111 comment 111 1523 2256
112 post 112 3508 2568
113 post 113 1822 1894
114 comment 114 2393 985
115 forum 115 2958 1221
116 post 116 1529 814
117 post 117 3279 2974
118 post 118 2894 1270
119 country 119 1637 1808
120 country 120 2235 1294
121 tag 121 1063 3003
122 tag 122 2841 1944
123 tag 123 2000 2550
124 tag 124 1871 2100
125 tag 125 2471 3192
126 tag 126 1701 2819
127 person 127 3371 1983
128 tag 128 2123 582
129 tag 129 1476 2983
130 person 130 1157 2009
131 tag 131 1453 2118
132 person 132 1909 2808
133 tag 133 2740 3394
134 person 134 2225 1615
135 country 135 2200 2295
136 person 136 3259 1409
137 person 137 1942 1193
138 tag 138 1944 1671
139 tag 139 2416 1995
140 tag 140 1410 1041
141 tag 141 2398 2961
142 tag 142 1476 1932
143 tag 143 1675 1555
144 country 144 2737 1295
145 country 145 3394 2223
146 tag 146 1918 2647
147 tag 147 2719 3188
148 tag 148 2250 1370
149 person 149 3063 1123
150 tag 150 2015 2099
151 tag 151 1266 1931
152 tag 152 1642 1392
153 tag 153 2080 2372
154 tag 154 1874 1952
155 tag 155 1903 2016
156 tag 156 1425 3044
157 person 157 1456 1654
158 person 158 1562 1769
159 tag 159 2396 2172
160 tag 160 1730 2757
161 tag 161 2763 1954
162 person 162 2538 1121
163 tag 163 3128 1301
164 comment 164 2089 2088
165 tag 165 1186 2683
166 comment 166 1327 2880
167 comment 167 1557 2693
168 comment 168 1748 1509
169 post 169 2991 2719
170 forum 170 2669 1565
171 forum 171 3105 1399
172 comment 172 2822 3584
173 comment 173 3049 3519
174 post 174 2291 2850
175 post 175 1778 681
176 post 176 2675 1795
177 comment 177 1195 1540
178 comment 178 3003 2543
179 comment 179 1848 2552
180 comment 180 2330 2243
181 country 181 1891 2949
182 country 182 3163 610
183 tag 183 2290 2170
184 country 184 2246 1403
185 country 185 2265 1458
186 country 186 1684 1827
187 country 187 1737 1690
188 country 188 3223 2717
189 country 189 1479 538
190 tag 190 1607 1872
191 tag 191 1483 1848
192 tag 192 1292 1994
193 tag 193 1364 1572
194 tag 194 2016 1760
195 tag 195 1091 2821
196 tag 196 2267 2517
197 person 197 1860 1261
198 person 198 2901 2876
199 tag 199 2190 2128
200 tag 200 1091 867
201 tag 201 1849 1453
202 person 202 2931 1396
203 forum 203 2622 3014
204 person 204 1413 2993
205 person 205 1969 1360
206 tag 206 2083 2504
207 person 207 2459 3133
208 tag 208 860 1697
209 tag 209 1448 2302
210 tag 210 2034 2574
211 post 211 1743 1249
212 comment 212 2320 1112
213 forum 213 2506 3207
214 comment 214 2984 2637
215 comment 215 1622 2813
216 comment 216 2166 588
217 comment 217 2807 1694
218 post 218 1194 1547
219 comment 219 1215 3068
220 comment 220 3237 2031
221 comment 221 2630 1519
222 comment 222 2680 1727
223 post 223 2464 1381
224 post 224 2181 770
225 forum 225 2358 1702
226 post 226 1021 1779
227 comment 227 1959 1209
228 post 228 2691 2264
229 comment 229 1305 3604
230 comment 230 2888 1713
231 post 231 2723 2491
232 comment 232 2733 1436
233 comment 233 2427 2186
234 post 234 3040 1589
235 comment 235 1977 2360
236 post 236 2618 1450
237 comment 237 2768 1617
238 comment 238 3268 2717
239 post 239 2125 1794
240 comment 240 3074 2883
241 comment 241 2832 934
242 post 242 1854 1695
243 comment 243 2895 2838
244 comment 244 3002 1166
245 forum 245 1822 2363
246 forum 246 1559 1178
247 comment 247 1464 3243
248 forum 248 1590 2537
249 comment 249 1814 1433
250 post 250 2900 1147
251 comment 251 1517 1487
252 comment 252 1219 1152
253 post 253 1500 3406
254 comment 254 2103 2060
255 forum 255 3011 2230
256 post 256 3401 1951
257 post 257 2091 2455
258 post 258 2106 2169
259 post 259 1456 1297
260 post 260 1719 3633
261 comment 261 2818 2138
262 post 262 1689 1580
263 comment 263 413 3564
264 person 264 1616 1761
265 person 265 1810 2700
266 person 266 1285 3384
267 person 267 1536 1386
268 comment 268 2189 2802
269 person 269 2251 2661
270 person 270 1437 3119
271 person 271 2629 2700
272 person 272 2071 1505
273 comment 273 1248 3319
274 post 274 1602 2478
275 person 275 2945 2535
276 person 276 2716 1431
277 person 277 1376 2673
278 person 278 1717 1377
279 person 279 3183 1207
280 person 280 2867 1038
281 person 281 3416 2674
282 person 282 1560 1771
283 person 283 2339 1398
284 person 284 2664 2008
285 person 285 2757 1860
286 person 286 3036 2855
287 person 287 1590 1630
288 person 288 2067 1935
289 person 289 2950 3054
290 person 290 2390 2178
291 person 291 1633 1680
292 forum 292 2483 2577
293 post 293 3048 1733
294 person 294 2159 2625
295 person 295 2371 2232
296 person 296 3203 1336
297 person 297 2926 1186
298 person 298 1922 1961
299 person 299 1628 1410
300 forum 300 2313 2978
301 comment 301 1581 3757
302 comment 302 1634 1031
303 comment 303 1176 1828
304 comment 304 1454 1724
305 post 305 2381 2439
306 comment 306 3171 3345
307 comment 307 2413 3511
308 comment 308 1623 2359
309 post 309 2032 2986
310 forum 310 2766 2666
311 forum 311 2971 1175
312 post 312 2884 2131
313 post 313 2306 1956
314 comment 314 3721 1713
315 post 315 1928 1828
316 forum 316 1993 1960
317 forum 317 2866 1890
318 comment 318 2942 2642
319 post 319 3779 2191
320 post 320 1928 1469
321 comment 321 1742 3329
322 person 322 1414 2814
323 comment 323 456 3184
324 person 324 1474 2763
325 person 325 2242 1808
326 comment 326 1484 2691
327 comment 327 2887 1964
328 comment 328 2043 2562
329 post 329 2013 2358
330 forum 330 2430 2615
331 post 331 3501 2137
332 comment 332 2294 3320
333 comment 333 1745 2044
334 post 334 3269 3533
335 comment 335 2807 2996
336 person 336 2921 2269
337 person 337 1183 1335
338 person 338 1479 1018
339 comment 339 3065 1446
340 person 340 3092 1286
341 person 341 3337 1562
342 person 342 1773 1566
343 person 343 2144 1562
344 person 344 1582 1732
345 person 345 2098 1282
346 person 346 2702 1489
347 person 347 2398 2638
348 post 348 1078 1812
349 forum 349 3135 1094
350 comment 350 2837 2004
351 person 351 2769 2270
352 forum 352 3478 2370
353 person 353 1957 3063
354 person 354 3241 3494
355 person 355 3335 1757
356 person 356 1107 2402
357 comment 357 1897 2352
358 person 358 1212 2546
359 comment 359 1859 1585
360 post 360 2928 1845
361 comment 361 2945 1538
362 comment 362 2643 1290
363 comment 363 2735 2289
364 comment 364 2908 2165
365 comment 365 2765 1957
366 post 366 1550 2432
367 post 367 1803 2284
368 post 368 3614 1242
369 post 369 2623 1543
370 post 370 1794 2702
371 post 371 2186 1722
372 comment 372 1318 3785
373 comment 373 2398 2265
374 post 374 2465 2056
375 comment 375 2071 2603
376 post 376 3710 1731
377 post 377 2532 2564
378 post 378 1845 1702
379 comment 379 2996 1149
380 comment 380 2877 2692
381 comment 381 2386 1842
382 comment 382 2927 2243
383 comment 383 2146 1415
384 comment 384 2977 1872
385 comment 385 2374 2869
386 post 386 2060 2715
387 comment 387 3197 2328
388 post 388 1915 2475
389 comment 389 2338 1992
390 forum 390 2052 3056
391 comment 391 2068 2427
392 forum 392 3065 2145
393 person 393 2665 2414
394 person 394 3471 2213
395 person 395 2717 958
396 person 396 1186 1650
397 person 397 2218 1867
398 person 398 3336 2837
399 person 399 3301 1757
400 person 400 1615 2976
401 person 401 2049 2346
402 person 402 2027 1391
403 person 403 2196 1869
404 person 404 3345 1910
405 post 405 3001 970
406 post 406 2370 1656
407 comment 407 1218 3569
408 comment 408 1529 1503
409 comment 409 1427 1137
410 post 410 1447 994
411 comment 411 3245 1177
412 comment 412 2012 2736
413 comment 413 2647 1267
414 post 414 1540 1490
415 comment 415 1935 2290
416 comment 416 2398 3031
417 forum 417 1621 3500
418 forum 418 2259 1353
419 post 419 2103 2288
420 comment 420 2412 3113
421 comment 421 722 3113
422 comment 422 1548 1480
423 forum 423 2393 1871
424 comment 424 2172 2629
425 comment 425 3236 976
426 post 426 2747 2117
427 comment 427 3229 2882
428 comment 428 1364 2163
429 forum 429 1760 1303
430 comment 430 2928 2549
431 forum 431 1971 2188
432 comment 432 2906 1845
433 comment 433 1440 1711
434 comment 434 2639 1704
435 comment 435 2546 1791
436 forum 436 3033 2869
437 person 437 2239 3404
438 person 438 2422 1340
439 person 439 3163 2973
440 person 440 3044 1787
441 person 441 3084 2778
442 person 442 1954 1168
443 person 443 3438 925
444 post 444 2295 1123
445 post 445 2370 1129
446 post 446 2493 2099
447 comment 447 2356 910
448 comment 448 1815 2868
449 post 449 2370 3533
450 post 450 1964 3044
451 person 451 2169 1429
452 person 452 2999 2614
453 person 453 3482 1552
454 person 454 3574 1734
455 person 455 1609 1217
456 person 456 3155 2583
457 person 457 3476 1660
458 person 458 954 2482
459 person 459 1168 3407
460 person 460 2606 3078
461 person 461 2707 2294
462 person 462 607 813
463 person 463 2350 1850
464 person 464 3782 1503
465 person 465 1852 1531
466 comment 466 2744 2338
467 comment 467 961 2142
468 post 468 2260 2892
469 comment 469 1448 2588
470 comment 470 3209 1087
471 post 471 2337 2848
472 comment 472 1478 1378
473 comment 473 1210 3003
474 person 474 3432 1401
475 person 475 1655 2917
476 person 476 2349 2788
477 person 477 2623 2217
478 person 478 1647 2646
479 person 479 2913 1920
480 person 480 3226 2923
481 person 481 2363 1364
482 person 482 3476 1985
483 person 483 1554 2188
484 person 484 2306 971
485 post 485 1434 2507
486 forum 486 1824 2585
487 person 487 3399 1713
488 person 488 2159 1848
489 person 489 2381 762
490 person 490 3007 2508
491 person 491 1536 1889
492 person 492 1834 1164
493 person 493 2894 1730
494 person 494 2043 2460
495 person 495 2184 2621
496 person 496 3378 3054
497 person 497 2681 3130
498 person 498 1896 2087
499 person 499 1696 2642
500 post 500 2240 2009
501 comment 501 2832 2989
502 comment 502 1489 3058
503 post 503 2937 2195
504 post 504 2742 2462
505 person 505 1302 3148
506 person 506 2509 2517
507 person 507 1678 2374
508 person 508 1487 1607
509 person 509 3509 1176
510 person 510 2101 1363
511 comment 511 2594 2366
512 comment 512 2956 2938
513 forum 513 2211 2714
514 comment 514 988 3448
515 person 515 3294 1254
516 person 516 3025 2083
517 person 517 1120 1101
518 person 518 2338 2136
519 person 519 3170 1727
520 tag 520 1967 1930
521 tag 521 1972 2100
522 tag 522 1162 1830
523 tag 523 3740 1924
524 person 524 1613 1699
525 tag 525 2142 2774
526 country 526 1599 2276
527 tag 527 2128 1002
528 tag 528 3006 1039
529 tag 529 2894 2177
530 country 530 2535 2784
531 tag 531 844 3847
532 country 532 1633 2707
533 tag 533 2202 1316
534 tag 534 1648 2565
535 tag 535 1161 1382
536 tag 536 1464 3011
537 person 537 2109 2087
538 country 538 2534 2657
539 tag 539 2671 2741
540 tag 540 1243 3094
541 tag 541 1412 2881
542 tag 542 2950 2800
543 tag 543 2823 3034
544 tag 544 2520 1190
545 tag 545 1473 2588
546 tag 546 3280 2959
547 tag 547 2193 1993
548 post 548 1681 3620
549 comment 549 2737 2016
550 comment 550 1082 2311
551 comment 551 1446 3238
552 comment 552 1822 544
553 post 553 1686 2468
554 comment 554 1769 1755
555 comment 555 2633 1831
556 comment 556 2627 2000
557 comment 557 1986 1382
558 comment 558 1846 2162
559 comment 559 2157 1705
560 forum 560 2094 3020
561 comment 561 1445 2689
562 comment 562 2988 1728
563 comment 563 2580 2148
564 post 564 1245 883
565 comment 565 1602 3570
566 post 566 2903 2803
567 comment 567 2834 909
568 post 568 2284 1835
569 post 569 2325 1537
570 comment 570 1117 1812
571 comment 571 1270 2393
572 comment 572 1769 2647
573 comment 573 1963 2955
574 comment 574 3123 3068
575 comment 575 3269 1446
576 forum 576 1633 1517
577 comment 577 2426 1925
578 tag 578 2565 2739
579 country 579 2050 2147
580 country 580 1516 2877
581 person 581 2413 2204
582 country 582 1737 3269
583 country 583 3157 3143
584 country 584 2811 2471
585 tag 585 1467 1870
586 country 586 2110 1454
587 tag 587 1428 1653
588 tag 588 2068 1841
589 tag 589 1421 3814
590 tag 590 1819 1831
591 tag 591 2714 1104
592 tag 592 2532 2580
593 tag 593 1597 1837
594 tag 594 1910 1450
595 person 595 1594 1746
596 tag 596 1757 2565
597 tag 597 1658 2485
598 tag 598 1675 1857
599 tag 599 1322 3077
600 person 600 2780 2495
601 tag 601 1690 2168
602 tag 602 1544 1218
603 person 603 3011 2267
604 person 604 3020 2080
605 tag 605 1447 1537
606 tag 606 2927 1504
607 tag 607 1727 2589
608 person 608 3086 895
609 tag 609 2488 1481
610 tag 610 1090 2935
611 tag 611 2094 2535
612 tag 612 2453 1452
613 tag 613 2185 2214
614 post 614 1614 2703
615 comment 615 2479 2600
616 comment 616 1515 2848
617 comment 617 2630 2208
618 comment 618 3412 3001
619 forum 619 2104 2246
620 post 620 2089 1802
621 comment 621 2925 3629
622 comment 622 2895 2203
623 post 623 1820 1475
624 post 624 2166 2543
625 post 625 2366 2026
626 comment 626 2488 1750
627 comment 627 3179 2270
628 post 628 1227 1681
629 comment 629 1360 2409
630 comment 630 3046 1295
631 comment 631 841 2322
632 tag 632 1406 2304
633 country 633 1688 1379
634 tag 634 2163 2019
635 tag 635 2665 2704
636 tag 636 2326 3484
637 tag 637 1337 2763
638 tag 638 1133 1372
639 tag 639 1555 1809
640 tag 640 1494 1639
641 tag 641 1734 2360
642 tag 642 2676 1698
643 tag 643 1514 2218
644 tag 644 2944 1183
645 country 645 1433 2304
646 country 646 1605 1721
647 country 647 2958 725
648 country 648 2284 3326
649 tag 649 1173 2659
650 tag 650 1649 875
651 tag 651 1940 2199
652 person 652 3511 822
653 tag 653 2694 2560
654 tag 654 1590 3117
655 tag 655 873 2080
656 tag 656 790 2657
657 person 657 2268 1446
658 tag 658 1993 1872
659 tag 659 3010 3302
660 tag 660 1685 2044
661 tag 661 2017 1526
662 tag 662 2977 1014
663 tag 663 1978 3112
664 tag 664 1347 1594
665 tag 665 2942 2037
666 tag 666 3346 1421
667 tag 667 2455 1916
668 forum 668 637 2774
669 post 669 2407 2642
670 comment 670 2400 2281
671 forum 671 2158 1433
672 post 672 2567 3008
673 forum 673 1261 1595
674 post 674 1563 3232
675 post 675 1500 2663
676 forum 676 3474 2566
677 comment 677 2465 2894
678 forum 678 3139 2309
679 comment 679 1183 2346
680 comment 680 3126 1531
681 post 681 2812 2636
682 comment 682 3115 3044
683 country 683 3635 3109
684 country 684 1521 2330
685 country 685 2897 1236
686 tag 686 2103 2825
687 country 687 2018 1729
688 tag 688 1469 1447
689 tag 689 1465 1652
690 tag 690 2050 1514
691 tag 691 1736 2586
692 tag 692 2477 2892
693 tag 693 3085 2207
694 tag 694 1943 1282
695 tag 695 1727 1829
696 tag 696 1612 1562
697 tag 697 1381 1617
698 tag 698 2109 2089
699 tag 699 1130 1553
700 tag 700 1528 2203
701 tag 701 1968 1327
702 tag 702 1497 1734
703 tag 703 1937 2151
704 tag 704 1764 2112
705 tag 705 1437 2985
706 tag 706 3308 3202
707 tag 707 2494 2957
708 tag 708 2338 1054
709 tag 709 2933 2236
710 tag 710 2804 1675
711 tag 711 3356 3283
712 person 712 1881 3028
713 tag 713 1648 2703
714 tag 714 2589 2457
715 person 715 1560 1872
716 tag 716 1788 1169
717 forum 717 1984 3755
718 comment 718 1836 2542
719 comment 719 3155 2830
720 comment 720 3341 1718
721 comment 721 2844 991
722 comment 722 1921 2499
723 comment 723 2492 2731
724 comment 724 1604 1103
725 post 725 2457 1981
726 comment 726 2651 1253
727 post 727 3472 2568
728 comment 728 2477 2341
729 comment 729 3664 3175
730 forum 730 3014 2984
731 comment 731 2627 1041
732 forum 732 1231 1518
733 comment 733 2358 1532
734 post 734 1959 1718
735 comment 735 3508 2807
736 comment 736 2539 1754
737 post 737 2566 2043
738 comment 738 2279 2013
739 comment 739 1413 2449
740 comment 740 2950 1940
741 comment 741 1782 1548
742 comment 742 2392 1179
743 comment 743 3122 1593
744 post 744 2331 2333
745 comment 745 3272 2971
746 post 746 1262 3791
747 comment 747 2144 2229
748 comment 748 2798 2665
749 forum 749 1512 1504
750 post 750 3436 2424
751 comment 751 2537 1784
752 comment 752 1978 1805
753 comment 753 2647 3329
754 comment 754 2252 2699
755 comment 755 1256 1852
756 comment 756 1620 2385
757 comment 757 3035 986
758 post 758 3725 2392
759 comment 759 2179 2343
760 comment 760 2417 2398
761 comment 761 2718 1583
762 comment 762 2443 2727
763 comment 763 3092 1422
764 comment 764 1874 2823
765 person 765 1335 2522
766 person 766 1298 2214
767 person 767 1598 2812
768 person 768 1579 1786
769 comment 769 1986 2633
770 post 770 2628 1624
771 post 771 2509 1247
772 post 772 1541 2640
773 person 773 2818 2681
774 person 774 1031 1166
775 person 775 2056 1658
776 person 776 2211 2594
777 person 777 2634 2840
778 person 778 882 2875
779 person 779 2339 1289
780 person 780 1698 1643
781 person 781 2365 1856
782 person 782 2413 3093
783 person 783 1200 1301
784 person 784 1793 1754
785 person 785 1765 2778
786 person 786 3303 2152
787 person 787 2770 2264
788 person 788 1405 2897
789 person 789 2167 2031
790 person 790 2125 1147
791 person 791 2213 1393
792 person 792 1293 2186
793 comment 793 2827 2431
794 person 794 2132 1683
795 person 795 1187 2743
796 person 796 2951 1373
797 person 797 2323 2078
798 person 798 2947 2627
799 person 799 3252 2649
800 person 800 1919 2162
801 person 801 2545 2268
802 person 802 2755 1896
803 person 803 2126 2145
804 person 804 2309 1767
805 person 805 1307 2624
806 comment 806 1986 1597
807 post 807 1278 3326
808 comment 808 2761 1737
809 comment 809 2920 1287
810 post 810 2458 1885
811 comment 811 2744 1159
812 comment 812 2283 2689
813 comment 813 2350 2873
814 comment 814 2330 1644
815 post 815 2774 1597
816 comment 816 1804 1826
817 post 817 3256 1388
818 comment 818 1891 3247
819 comment 819 3552 2196
820 comment 820 2038 3072
821 person 821 2304 2079
822 person 822 2385 2901
823 person 823 2049 1304
824 person 824 2085 750
825 person 825 2355 2295
826 person 826 1305 1773
827 person 827 3085 2167
828 post 828 2246 2122
829 person 829 2381 3167
830 post 830 2186 1254
831 post 831 2694 1807
832 comment 832 2759 2794
833 comment 833 3091 2167
834 comment 834 1503 2612
835 comment 835 2970 2620
836 person 836 1646 2835
837 comment 837 2026 1891
838 person 838 3251 2528
839 person 839 3335 1857
840 person 840 2930 1032
841 person 841 1965 1921
842 person 842 1260 1396
843 post 843 1230 1746
844 post 844 684 543
845 comment 845 2161 1903
846 person 846 2947 2825
847 person 847 1490 1671
848 person 848 1545 1341
849 person 849 3251 696
850 person 850 2796 3200
851 post 851 1187 1598
852 comment 852 2613 653
853 comment 853 2083 2538
854 post 854 2914 1320
855 comment 855 3355 2519
856 comment 856 3015 2120
857 post 857 2837 2077
858 forum 858 1986 1433
859 comment 859 1131 1621
860 comment 860 1827 3717
861 comment 861 2336 2916
862 comment 862 1253 1672
863 comment 863 2290 2568
864 comment 864 2127 2381
865 post 865 3322 2214
866 comment 866 2480 2202
867 comment 867 2707 2173
868 comment 868 1638 2484
869 forum 869 3052 1953
870 comment 870 1411 1636
871 post 871 2364 2590
872 post 872 1397 3395
873 post 873 2516 2928
874 comment 874 642 2223
875 post 875 3019 2610
876 comment 876 1056 1805
877 comment 877 2972 2031
878 post 878 3349 2022
879 post 879 3212 2670
880 post 880 2786 2045
881 comment 881 1536 3363
882 post 882 1727 2102
883 person 883 2175 1930
884 person 884 1380 1348
885 person 885 2161 2466
886 person 886 2457 2038
887 person 887 1747 2184
888 person 888 1776 2169
889 person 889 1882 1679
890 person 890 2320 2748
891 person 891 1123 2650
892 person 892 1588 1800
893 person 893 2714 1366
894 person 894 2051 2201
895 person 895 3515 2044
896 person 896 2260 1421
897 person 897 3331 821
898 person 898 2552 2029
899 comment 899 2128 2004
900 post 900 2322 2292
901 comment 901 3482 1478
902 comment 902 3067 1947
903 comment 903 1617 1142
904 comment 904 1595 3714
905 post 905 1726 2730
906 post 906 1737 2410
907 comment 907 1761 3646
908 forum 908 2029 1975
909 comment 909 2282 1140
910 post 910 1331 2058
911 comment 911 1632 1847
912 comment 912 2050 596
913 forum 913 2219 1597
914 comment 914 2748 1870
915 comment 915 2170 1998
916 comment 916 2582 2378
917 comment 917 3302 1224
918 comment 918 3128 2547
919 comment 919 2135 1368
920 forum 920 549 822
921 forum 921 1825 1675
922 comment 922 2290 2307
923 comment 923 2265 2722
924 comment 924 2085 1949
925 comment 925 3074 2439
926 person 926 1510 3184
927 person 927 1374 1326
928 person 928 2036 1259
929 person 929 1612 2321
930 comment 930 1156 3344
931 comment 931 1346 2020
932 post 932 2947 1317
933 person 933 3083 1401
934 person 934 1955 1312
935 person 935 3035 2780
936 person 936 3307 2310
937 person 937 2245 1473
938 person 938 2427 2765
939 person 939 2572 2984
940 person 940 2024 3175
941 comment 941 2229 2453
942 person 942 3187 2706
943 person 943 948 2954
944 person 944 2376 901
945 person 945 3207 3071
946 person 946 1131 3037
947 person 947 3389 2141
948 person 948 2456 793
949 person 949 2013 2781
950 person 950 1689 1846
951 person 951 2863 1742
952 person 952 934 2841
953 person 953 1539 1343
954 person 954 1344 2840
955 person 955 2912 2204
956 forum 956 1985 2896
957 forum 957 3289 2581
958 post 958 1947 1859
959 comment 959 1936 1647
960 comment 960 1693 1727
961 comment 961 2058 2745
962 person 962 1777 1767
963 person 963 1532 2596
964 person 964 1459 3063
965 person 965 3327 2199
966 person 966 2101 2896
967 person 967 1752 2533
968 person 968 2508 2922
969 person 969 3060 2302
970 person 970 2692 2520
971 person 971 2319 1440
972 person 972 2595 1762
973 person 973 1366 1915
974 comment 974 2218 2010
975 person 975 1458 3002
976 person 976 2742 1577
977 person 977 2127 1253
978 person 978 2235 2309
979 person 979 3074 2272
980 person 980 1215 3575
981 person 981 2927 1893
982 person 982 1243 2862
983 person 983 1485 1298
984 person 984 3784 1901
985 person 985 2750 2317
986 person 986 2656 3233
987 person 987 2747 2348
988 person 988 3572 1652
989 post 989 1814 1677
990 comment 990 3367 2580
991 comment 991 2088 2199
992 post 992 1851 2562
993 comment 993 2589 1755
994 post 994 3394 2912
995 post 995 1933 2643
996 person 996 2371 1965
997 person 997 3246 2410
998 person 998 3051 2570
999 person 999 2290 1462
1000 person 1000 1774 2306
1001 person 1001 1763 1633
1002 person 1002 1283 2465
1003 person 1003 3420 804
1004 person 1004 2870 2388
1005 person 1005 1560 2532
1006 person 1006 1732 2309
1007 person 1007 2861 1719
1008 person 1008 2665 1748
1009 person 1009 1582 1727
1010 person 1010 2200 2445
1011 person 1011 1566 1626
1012 person 1012 1298 1375
1013 comment 1013 1167 2630
1014 comment 1014 2565 2593
1015 post 1015 3578 3035
1016 forum 1016 2680 1282
1017 post 1017 1781 2671
1018 comment 1018 2075 1751
1019 forum 1019 2616 2205
1020 comment 1020 1581 2038
1021 person 1021 2702 1725
1022 person 1022 3062 998
1023 person 1023 1771 1971
1024 comment 1024 2265 2179
1025 person 1025 2484 2018
1026 person 1026 2362 3031
1027 person 1027 3131 1133
1028 person 1028 2953 956
1029 person 1029 1456 3219
1030 person 1030 2985 659
1031 person 1031 1253 1210
1032 person 1032 1991 1881
