338 626
949 362
332 165
151 555
947 147
743 532
211 695
159 486
937 935
335 625
981 709
842 10
384 582
827 751
843 842
314 837
839 244
842 1021
314 582
1026 963
404 1017
382 512
382 694
814 387
336 380
948 147
211 414
348 469
693 208
148 998
998 83
351 59
998 585
556 689
1015 128
160 283
1014 64
893 292
240 933
786 11
310 915
748 888
823 351
412 262
412 632
985 855
824 763
924 792
386 582
401 386
398 344
562 556
685 556
101 556
1024 227
95 602
863 429
819 753
468 939
218 1001
95 582
109 582
901 12
590 939
84 939
610 939
449 939
995 939
109 443
280 939
361 582
738 736
738 737
738 205
738 161
738 568
738 741
1029 939
1032 939
552 455
759 323
759 861
759 295
759 755
273 769
552 585
806 585
228 256
160 658
1015 950
684 552
160 589
160 592
160 3
160 599
160 146
267 939
910 939
806 854
31 560
772 126
752 647
690 633
777 939
779 939
247 939
649 939
478 939
484 939
690 407
255 939
878 6
32 702
473 173
473 595
473 719
473 92
37 59
878 456
925 353
725 29
883 778
344 884
475 302
351 506
202 554
943 788
33 582
36 794
921 577
36 113
897 64
999 472
905 1009
475 164
894 225
946 402
349 772
931 412
397 365
388 752
152 59
340 387
199 29
33 717
903 773
743 525
743 86
963 582
847 867
623 698
597 939
940 939
985 127
203 64
494 450
380 633
623 907
621 33
314 193
745 147
862 806
286 147
987 939
445 939
446 939
922 147
381 55
628 132
628 662
628 530
628 675
628 602
628 424
628 964
628 502
628 282
628 479
628 908
628 266
628 968
628 796
628 1022
628 377
628 1023
628 480
628 1003
628 838
628 1005
628 916
628 798
628 1019
628 304
628 483
628 793
628 804
628 956
853 939
318 939
319 939
858 939
860 939
212 959
212 324
212 46
403 166
296 698
711 939
296 374
815 147
192 939
427 939
435 939
627 428
389 633
291 276
734 147
834 582
870 582
500 989
328 939
868 939
218 585
98 147
325 363
453 33
441 582
294 718
821 585
504 697
821 466
333 582
95 598
95 19
504 277
232 274
439 791
232 59
732 582
294 698
821 135
821 179
821 20
821 144
293 648
293 409
735 477
760 59
34 147
556 582
239 582
249 584
240 699
31 316
781 147
37 527
37 90
566 582
31 60
249 112
249 5
893 257
893 585
239 803
54 147
886 674
886 723
556 22
759 799
759 452
893 186
893 191
893 143
893 714
893 603
751 534
799 693
803 693
784 693
240 801
720 939
967 939
425 939
900 147
259 939
486 939
399 633
1000 939
463 939
1010 939
912 939
917 939
970 939
677 522
335 701
558 147
573 582
937 582
335 416
921 698
946 326
348 835
348 585
344 66
921 718
202 447
356 275
344 909
29 518
894 270
894 59
929 69
929 638
982 147
404 271
111 582
291 538
404 12
839 582
829 4
829 137
829 75
829 671
829 503
829 264
829 849
829 866
829 426
829 795
829 789
829 973
829 459
829 260
829 268
829 269
829 366
829 376
829 367
829 797
829 430
829 417
829 408
829 246
829 369
829 800
829 1007
829 482
829 419
829 248
829 370
829 305
829 954
829 371
829 285
829 433
829 511
829 330
829 306
829 859
829 1011
829 812
829 785
829 1012
829 978
829 489
829 871
829 490
829 992
829 857
829 272
829 491
839 869
748 585
315 965
110 66
846 63
870 321
110 464
748 481
294 635
294 196
819 993
1024 797
1024 10
738 715
738 88
738 864
738 457
738 976
738 994
738 320
738 462
738 997
738 955
738 281
733 147
499 591
499 301
499 501
499 974
499 274
499 415
499 458
499 505
499 969
499 378
499 1004
499 461
499 487
499 431
499 1006
499 990
499 465
499 811
499 467
499 278
499 307
499 422
499 279
499 488
499 913
499 856
746 604
946 582
51 582
925 582
925 509
937 598
356 699
202 700
348 516
348 178
348 16
348 2
348 21
348 642
348 541
348 87
348 535
348 612
348 673
693 668
693 676
454 606
454 543
263 693
344 594
344 526
344 139
344 654
344 613
344 91
206 147
677 513
903 420
903 512
903 807
946 669
946 25
971 693
894 141
440 706
500 112
229 364
229 1008
229 492
499 250
499 311
499 359
499 360
97 582
97 198
97 23
317 1013
852 1013
499 911
30 551
616 585
97 602
96 617
617 906
617 547
273 583
273 93
153 327
902 476
757 938
757 633
902 308
216 880
392 757
841 757
299 230
299 531
110 47
212 951
212 850
212 258
212 975
212 988
212 790
212 254
212 432
212 511
212 971
212 423
212 309
394 1013
619 97
313 147
299 977
981 12
976 471
628 914
735 58
735 533
735 181
617 699
616 17
616 724
576 331
561 731
39 730
557 147
438 322
687 582
436 438
438 657
617 76
617 79
617 189
617 539
986 776
930 287
980 584
559 64
39 710
39 584
561 523
983 832
312 223
805 1016
298 1025
1025 498
107 744
231 896
50 576
56 575
759 1002
40 687
221 49
904 770
549 548
759 653
367 879
245 879
546 650
546 127
683 100
754 508
771 1031
774 945
764 848
691 952
220 288
876 744
895 887
395 396
898 1013
350 1013
152 597
757 1028
679 617
575 1020
575 585
210 981
358 640
209 163
395 66
1013 524
1013 122
1013 712
1013 611
1013 27
903 809
395 368
485 471
216 126
241 874
692 565
686 582
153 187
45 582
157 692
875 569
877 567
241 585
241 1018
829 808
939 375
287 6
628 71
213 877
939 59
287 782
726 620
620 585
620 442
716 546
744 525
744 121
829 696
829 0
829 13
829 114
829 704
829 8
829 581
829 67
829 129
829 168
829 73
829 14
829 637
829 1
829 651
829 536
829 78
829 115
829 133
829 636
829 639
829 70
829 117
829 176
829 529
829 596
829 174
829 175
829 131
829 515
829 659
829 120
829 169
829 665
829 528
829 5
829 587
829 65
829 707
829 600
829 170
829 660
829 661
829 705
829 517
829 655
829 667
829 709
829 180
829 123
829 183
829 608
829 672
829 182
829 184
829 663
829 664
829 138
829 609
829 537
829 519
829 601
829 544
829 194
829 614
829 540
829 24
829 142
742 154
928 421
212 7
212 521
212 588
212 703
212 14
212 68
212 593
212 15
212 596
212 74
212 118
212 514
212 140
212 77
212 598
212 708
212 136
212 82
212 542
212 185
212 607
212 188
212 85
212 721
212 540
212 713
926 147
873 582
403 405
919 147
100 448
100 6
314 411
400 923
300 219
578 108
826 284
728 553
738 656
234 217
830 297
986 451
499 586
817 699
200 618
826 585
289 290
231 507
986 582
103 261
437 495
362 195
1025 406
231 701
624 747
95 94
109 339
312 582
218 48
1025 582
345 63
105 652
231 119
231 595
99 887
578 520
362 18
983 372
983 633
728 670
626 976
836 998
728 585
766 582
758 899
343 645
343 582
226 582
160 740
787 582
549 643
786 1027
28 582
242 582
774 657
549 582
346 998
774 783
890 582
35 976
1015 354
690 739
236 872
764 582
768 828
890 953
878 215
473 833
563 103
220 522
224 802
233 822
43 37
762 780
42 105
57 929
224 632
38 37
237 473
243 582
786 520
236 434
37 688
555 810
474 701
944 771
357 242
757 7
757 605
41 155
887 89
903 145
241 545
162 744
756 845
692 373
393 826
920 582
905 844
905 957
905 984
905 251
905 238
923 59
410 786
235 59
923 510
877 59
158 1013
36 622
1013 303
692 60
680 618
211 334
1013 585
875 698
875 413
877 68
470 228
692 9
692 116
692 171
692 124
692 722
998 634
998 177
998 134
998 644
998 615
998 678
892 147
382 818
197 28
496 873
201 147
820 962
742 582
927 802
928 1023
928 582
985 961
742 460
932 167
932 61
628 385
628 749
628 572
628 214
628 631
628 882
628 629
628 630
628 881
628 889
628 918
628 571
628 574
623 104
389 958
296 941
383 851
960 291
929 337
383 580
106 105
727 532
813 932
300 532
342 344
149 80
816 998
626 125
578 444
105 265
865 355
149 522
825 147
379 440
979 998
1025 26
1025 646
504 252
493 790
294 347
234 418
234 62
821 390
570 693
232 891
840 249
624 582
497 996
831 582
289 329
102 566
624 406
775 585
750 821
775 1030
761 579
579 253
760 352
786 972
579 585
236 657
150 72
150 172
150 666
150 190
150 611
767 267
885 387
550 105
32 729
52 344
53 344
681 29
765 523
767 164
341 344
936 224
756 966
879 991
153 44
153 564
756 585
222 998
682 532
391 821
934 821
156 207
942 775
204 130
204 641
204 81
887 365
