0 tag 0 3555 2558
1 tag 1 2758 1690
2 tag 2 2211 2414
3 tag 3 3420 2751
4 person 4 2795 2601
5 tag 5 3064 2605
6 country 6 2771 2339
7 tag 7 2527 2351
8 tag 8 2866 2508
9 tag 9 2420 1755
10 country 10 2741 1495
11 tag 11 1300 1991
12 country 12 789 3007
13 tag 13 1709 3168
14 tag 14 1811 2549
15 tag 15 2117 2234
16 tag 16 2871 2653
17 person 17 1729 3234
18 country 18 1708 2806
19 tag 19 3351 3133
20 tag 20 2189 2095
21 tag 21 2246 2406
22 tag 22 2374 1805
23 tag 23 1470 2746
24 tag 24 3514 2368
25 tag 25 2723 2511
26 tag 26 2892 2712
27 tag 27 3067 1058
28 post 28 2258 2266
29 comment 29 2466 1750
30 comment 30 1179 2636
31 comment 31 1586 2237
32 comment 32 3376 1894
33 post 33 2948 2669
34 comment 34 2975 1944
35 comment 35 1741 1860
36 comment 36 2944 1320
37 comment 37 2447 1944
38 comment 38 1857 1730
39 comment 39 1439 1165
40 forum 40 3496 1940
41 comment 41 1774 2361
42 comment 42 1897 1816
43 comment 43 3027 1904
44 post 44 1492 2796
45 comment 45 2645 1501
46 post 46 1975 3001
47 comment 47 1897 2597
48 post 48 3231 1223
49 post 49 1988 2102
50 comment 50 3685 1232
51 comment 51 3128 2174
52 comment 52 2644 2156
53 comment 53 3322 2425
54 comment 54 1631 1172
55 comment 55 2431 3050
56 forum 56 1251 2581
57 comment 57 1891 2592
58 tag 58 1650 1719
59 country 59 2283 2010
60 country 60 2395 2282
61 person 61 1886 3076
62 country 62 1620 3154
63 country 63 1948 2614
64 country 64 3166 1577
65 tag 65 2197 1751
66 country 66 2283 3019
67 tag 67 2065 2625
68 tag 68 2502 1938
69 tag 69 1966 2573
70 tag 70 1868 3028
71 tag 71 1275 1077
72 tag 72 1932 1033
73 tag 73 3307 2567
74 tag 74 2007 2350
75 person 75 3585 2237
76 tag 76 1493 1884
77 tag 77 1635 2521
78 tag 78 2587 2335
79 tag 79 1830 3569
80 person 80 2156 1357
81 tag 81 3084 2796
82 tag 82 2599 2430
83 person 83 2887 3109
84 person 84 2271 1172
85 tag 85 1937 2474
86 tag 86 1536 2297
87 tag 87 2034 2358
88 person 88 1680 2574
89 tag 89 2767 2962
90 tag 90 1853 1488
91 tag 91 2496 2478
92 tag 92 2057 1862
93 tag 93 861 1680
94 post 94 1423 3225
95 comment 95 2959 2880
96 comment 96 2987 3829
97 comment 97 1876 2393
98 comment 98 1865 1724
99 forum 99 1514 2297
100 post 100 1630 1138
101 comment 101 2373 2378
102 comment 102 2090 3001
103 post 103 1569 3172
104 post 104 2058 1574
105 post 105 2500 1500
106 comment 106 3044 1668
107 comment 107 1751 2115
108 post 108 930 2775
109 comment 109 1588 1563
110 comment 110 1751 2539
111 comment 111 1996 2716
112 tag 112 3313 2158
113 country 113 3090 1181
114 tag 114 2355 2801
115 tag 115 2882 2289
116 tag 116 2771 1788
117 tag 117 2959 1383
118 tag 118 2029 1988
119 tag 119 1235 2493
120 tag 120 3687 3035
121 tag 121 2028 2300
122 tag 122 1651 3080
123 tag 123 3120 1683
124 tag 124 2589 1594
125 country 125 1988 1128
126 country 126 2907 3119
127 country 127 1968 2548
128 country 128 1679 2071
129 tag 129 3462 3015
130 tag 130 2815 3056
131 tag 131 3740 1782
132 person 132 2683 1597
133 tag 133 2576 2718
134 tag 134 2946 3370
135 tag 135 1980 2308
136 tag 136 2400 2538
137 person 137 1677 3387
138 tag 138 2865 3006
139 tag 139 3989 1873
140 tag 140 2007 2388
141 tag 141 1870 1880
142 tag 142 3717 1593
143 tag 143 2736 1940
144 tag 144 1978 2858
145 tag 145 2651 2588
146 tag 146 2973 2690
147 tag 147 2238 1477
148 forum 148 2228 2142
149 post 149 1723 1989
150 comment 150 1666 1520
151 forum 151 2366 2645
152 post 152 1949 1013
153 forum 153 1415 2585
154 post 154 2919 1535
155 post 155 2513 1502
156 forum 156 2577 2366
157 comment 157 1259 3168
158 forum 158 2067 2776
159 comment 159 3771 2005
160 comment 160 2753 2577
161 post 161 2101 2464
162 comment 162 1836 2596
163 country 163 2562 2288
164 country 164 3038 3300
165 country 165 2915 2855
166 tag 166 2422 2803
167 country 167 2580 1875
168 tag 168 3106 2366
169 tag 169 3002 2422
170 tag 170 3747 2634
171 tag 171 2686 1574
172 tag 172 3093 2016
173 tag 173 2281 3360
174 tag 174 2405 2371
175 tag 175 2953 1357
176 tag 176 2360 2464
177 tag 177 2088 2312
178 tag 178 2221 2214
179 tag 179 2956 1198
180 tag 180 2577 1873
181 tag 181 2546 2243
182 tag 182 3723 2926
183 tag 183 3473 2493
184 tag 184 3371 2483
185 tag 185 3263 1184
186 tag 186 2884 1765
187 tag 187 1001 2366
188 tag 188 2015 2283
189 tag 189 2528 3447
190 tag 190 1405 1792
191 tag 191 2449 1921
192 person 192 2861 2531
193 tag 193 2691 2385
194 tag 194 2327 3343
195 person 195 2447 1757
196 tag 196 2993 2165
197 forum 197 2714 2041
198 comment 198 2651 2531
199 comment 199 2172 2388
200 comment 200 1782 2896
201 comment 201 2312 1352
202 comment 202 2833 2855
203 comment 203 2018 1180
204 comment 204 2546 2185
205 post 205 2823 1291
206 comment 206 2950 3011
207 post 207 2602 2376
208 comment 208 2192 3069
209 comment 209 2212 2247
210 forum 210 653 1816
211 comment 211 1710 1991
212 forum 212 2112 2040
213 comment 213 3217 2797
214 post 214 1607 1124
215 comment 215 2911 3063
216 comment 216 1742 3027
217 post 217 3307 1378
218 comment 218 2735 1608
219 comment 219 1773 2048
220 comment 220 1362 2674
221 comment 221 2007 2045
222 comment 222 2311 3459
223 comment 223 1214 1683
224 post 224 2165 1525
225 comment 225 1682 2996
226 post 226 1425 3181
227 comment 227 1953 2962
228 comment 228 1558 1264
229 forum 229 2787 3149
230 post 230 2240 1850
231 comment 231 1231 2451
232 comment 232 1838 3161
233 comment 233 2541 1898
234 comment 234 2751 2022
235 comment 235 2676 1382
236 comment 236 2456 2152
237 comment 237 2174 1966
238 post 238 2230 2215
239 comment 239 2877 2844
240 comment 240 2615 2207
241 comment 241 2394 2938
242 comment 242 1824 1874
243 comment 243 2142 2530
244 comment 244 2872 2451
245 person 245 3162 1993
246 person 246 3043 1905
247 person 247 2463 1605
248 person 248 1801 1224
249 comment 249 2938 2730
250 post 250 1995 2321
251 post 251 2663 2945
252 post 252 1198 1751
253 person 253 2967 3326
254 person 254 1933 2496
255 person 255 2147 2208
256 person 256 2521 1098
257 person 257 2382 2029
258 person 258 1432 1766
259 person 259 1938 2650
260 person 260 3190 3117
261 person 261 1575 3162
262 person 262 2152 2196
263 person 263 2689 2828
264 person 264 3146 3129
265 person 265 2047 1273
266 person 266 1726 1736
267 person 267 3094 1921
268 person 268 4019 2349
269 person 269 3403 1410
270 person 270 1671 1654
271 person 271 1211 2539
272 person 272 2416 2259
273 comment 273 1303 1496
274 person 274 2693 2830
275 person 275 3097 1963
276 person 276 2207 2328
277 person 277 1761 2952
278 person 278 1768 2014
279 person 279 3095 2878
280 person 280 2500 1270
281 person 281 2517 2346
282 person 282 1305 2493
283 person 283 1946 3099
284 person 284 1646 1940
285 person 285 1580 3518
286 comment 286 1580 796
287 post 287 2260 2086
288 comment 288 2195 3152
289 comment 289 2883 3189
290 post 290 3269 3099
291 comment 291 2101 2799
292 comment 292 2751 1559
293 comment 293 1181 2037
294 comment 294 2399 2181
295 post 295 1593 1225
296 comment 296 2882 2536
297 post 297 2589 1513
298 comment 298 3124 1720
299 comment 299 2279 1880
300 comment 300 1664 1919
301 person 301 2527 1855
302 person 302 2335 2764
303 person 303 3109 2702
304 person 304 2522 1252
305 person 305 1458 2261
306 person 306 3143 1428
307 person 307 2239 1903
308 post 308 2027 3373
309 person 309 1875 1416
310 post 310 1499 2308
311 post 311 2533 2700
312 comment 312 1431 2002
313 comment 313 3429 2930
314 comment 314 2657 2037
315 comment 315 2864 1004
316 person 316 968 2497
317 comment 317 1189 2034
318 person 318 1931 1840
319 person 319 2355 1111
320 person 320 2918 2620
321 person 321 1337 2328
322 person 322 1377 1875
323 post 323 2189 3070
324 post 324 2216 2728
325 comment 325 3182 2504
326 person 326 1971 2429
327 person 327 2476 3142
328 person 328 2103 1175
329 person 329 2466 3299
330 person 330 1968 1497
331 post 331 1464 1861
332 comment 332 2876 2859
333 comment 333 2283 1788
334 post 334 1733 2328
335 comment 335 1122 1644
336 comment 336 2337 1639
337 post 337 1404 2632
338 forum 338 1959 1486
339 comment 339 1329 1317
340 comment 340 1560 2699
341 comment 341 1842 2867
342 comment 342 3046 2152
343 comment 343 2864 2610
344 comment 344 2843 2201
345 post 345 2889 2891
346 comment 346 3123 2951
347 comment 347 2372 2087
348 comment 348 1964 2290
349 forum 349 2330 2796
350 comment 350 1766 1777
351 post 351 2787 1837
352 post 352 2284 1679
353 post 353 2559 2309
354 comment 354 1945 1381
355 post 355 2883 2840
356 comment 356 2633 2254
357 comment 357 1533 1391
358 post 358 3385 1766
359 post 359 1724 1951
360 post 360 3026 2617
361 comment 361 1498 3165
362 post 362 1918 2473
363 person 363 3156 2477
364 person 364 2586 2514
365 person 365 2205 2915
366 person 366 2225 1560
367 person 367 3200 1449
368 person 368 3181 3379
369 person 369 3839 2093
370 person 370 3121 2379
371 person 371 2618 2398
372 person 372 1144 1728
373 person 373 2840 2100
374 person 374 2791 2845
375 person 375 2373 1621
376 person 376 3524 2503
377 person 377 2729 1473
378 person 378 1642 1839
379 comment 379 1448 1995
380 post 380 2797 2520
381 comment 381 2210 3261
382 comment 382 1329 2871
383 comment 383 1244 3096
384 comment 384 2875 2889
385 post 385 3116 2110
386 post 386 2060 2915
387 comment 387 1697 2740
388 forum 388 2560 2108
389 comment 389 978 1975
390 post 390 1747 2988
391 comment 391 1972 2031
392 comment 392 2115 3780
393 forum 393 1818 2343
394 comment 394 1071 3022
395 comment 395 1337 1890
396 comment 396 1831 961
397 comment 397 2842 2526
398 comment 398 3597 2021
399 comment 399 1903 1434
400 forum 400 2764 2949
401 forum 401 1560 2371
402 comment 402 1833 2341
403 comment 403 1963 1821
404 comment 404 1020 3122
405 comment 405 2253 2585
406 person 406 2471 1744
407 person 407 2908 1889
408 person 408 3446 2586
409 person 409 906 1888
410 comment 410 1070 2900
411 comment 411 2983 1476
412 post 412 1872 1563
413 person 413 2533 2810
414 person 414 1821 2300
415 person 415 2112 1434
416 person 416 665 2581
417 person 417 1679 2727
418 person 418 2959 1982
419 person 419 3062 1677
420 person 420 2497 1936
421 comment 421 2767 2330
422 person 422 1447 3051
423 person 423 1290 2770
424 person 424 2398 2935
425 person 425 1271 1791
426 person 426 3458 1481
427 person 427 3253 2646
428 person 428 2177 1085
429 person 429 2529 2927
430 person 430 2503 1532
431 person 431 2245 2511
432 person 432 2542 1430
433 person 433 3586 1756
434 person 434 1980 1886
435 person 435 2020 980
436 forum 436 2037 3089
437 forum 437 3041 1802
438 post 438 2076 2409
439 comment 439 2779 2822
440 comment 440 1379 1459
441 comment 441 2065 1969
442 person 442 1917 2590
443 person 443 2455 2514
444 person 444 1184 2092
445 person 445 2916 1765
446 person 446 2208 1652
447 person 447 2704 3568
448 person 448 1648 1125
449 person 449 2114 1717
450 person 450 2673 2037
451 person 451 619 2928
452 person 452 3200 2706
453 person 453 2815 1462
454 comment 454 2188 1449
455 person 455 1435 1438
456 person 456 1063 1709
457 person 457 1479 2050
458 person 458 1579 2232
459 person 459 3642 2389
460 person 460 1710 1417
461 person 461 2296 1622
462 person 462 2419 3083
463 person 463 2740 1044
464 person 464 1583 1792
465 person 465 1845 1983
466 person 466 1940 2434
467 person 467 1837 1986
468 person 468 3071 1560
469 post 469 1772 2274
470 comment 470 882 1376
471 comment 471 3249 2538
472 post 472 635 2301
473 comment 473 2134 2584
474 post 474 2506 2096
475 post 475 2605 3130
476 person 476 2019 3669
477 person 477 1291 1569
478 person 478 2104 1063
479 person 479 1360 2857
480 person 480 2842 1370
481 person 481 2391 717
482 person 482 1382 3279
483 person 483 3035 2488
484 person 484 2042 2074
485 person 485 3059 2442
486 person 486 3282 1495
487 person 487 2863 2754
488 person 488 1651 2468
489 person 489 3634 2396
490 person 490 3487 2351
491 person 491 3257 2560
492 person 492 2507 3174
493 comment 493 1303 1838
494 comment 494 2674 2044
495 post 495 3068 1820
496 forum 496 1453 2658
497 post 497 903 2430
498 comment 498 1518 3266
499 forum 499 2191 2195
500 comment 500 3652 1588
501 person 501 2329 1383
502 person 502 1278 972
503 person 503 3727 1468
504 comment 504 1341 1809
505 person 505 2813 1252
506 person 506 2888 1869
507 person 507 1777 1286
508 person 508 1937 1496
509 person 509 1692 3599
510 person 510 2007 2477
511 person 511 2936 2282
512 person 512 1773 2809
513 tag 513 1202 1970
514 tag 514 2069 2013
515 tag 515 1495 3126
516 tag 516 3084 2640
517 tag 517 3584 2529
518 person 518 2821 857
519 tag 519 3034 2404
520 country 520 1260 2182
521 tag 521 2103 1648
522 country 522 1248 2592
523 country 523 2651 2083
524 tag 524 2662 3140
525 tag 525 1534 2266
526 tag 526 2111 2996
527 tag 527 1818 1860
528 tag 528 1504 3472
529 tag 529 3471 2486
530 person 530 1886 2172
531 country 531 3026 2272
532 country 532 1994 1624
533 tag 533 1053 1537
534 tag 534 2184 2876
535 tag 535 2166 2267
536 tag 536 2240 2977
537 tag 537 3702 2326
538 tag 538 1600 1748
539 tag 539 2170 2665
540 tag 540 2752 2031
541 tag 541 1461 1754
542 tag 542 1844 1446
543 tag 543 1419 1337
544 tag 544 3007 2422
545 tag 545 2780 3078
546 post 546 2815 1808
547 post 547 1062 3539
548 post 548 2574 1280
549 comment 549 2091 1830
550 forum 550 3291 1902
551 post 551 1174 2706
552 post 552 1687 2410
553 comment 553 2015 3251
554 post 554 2999 1996
555 post 555 2185 2693
556 comment 556 2549 1588
557 comment 557 2027 1110
558 comment 558 3054 1512
559 comment 559 3407 2693
560 comment 560 1182 1849
561 comment 561 2783 2757
562 comment 562 2087 1419
563 forum 563 1623 3199
564 post 564 1241 2964
565 comment 565 2549 1212
566 comment 566 2363 1753
567 post 567 2985 2983
568 post 568 1327 1749
569 post 569 1954 1464
570 comment 570 2639 2403
571 post 571 2414 1092
572 post 572 1372 1731
573 comment 573 2125 2929
574 post 574 2068 3051
575 post 575 868 2053
576 comment 576 2951 1424
577 comment 577 2730 2131
578 comment 578 1087 2398
579 post 579 2722 2955
580 country 580 1151 2853
581 tag 581 3635 2384
582 country 582 2173 2403
583 tag 583 1833 1496
584 country 584 2846 1844
585 country 585 1348 2870
586 tag 586 1764 1938
587 tag 587 3195 2722
588 tag 588 2112 2005
589 tag 589 3259 2602
590 person 590 2388 1109
591 person 591 1276 1411
592 tag 592 2840 2643
593 tag 593 1804 2401
594 tag 594 3569 2044
595 tag 595 1699 2633
596 tag 596 2394 1897
597 person 597 2219 1190
598 tag 598 2169 2493
599 tag 599 2496 1633
600 tag 600 3112 2358
601 tag 601 3172 3092
602 person 602 2182 2456
603 tag 603 2511 1841
604 tag 604 3310 3501
605 tag 605 2450 2398
606 tag 606 1679 2755
607 tag 607 1348 3129
608 tag 608 3419 2641
609 tag 609 3593 2287
610 person 610 2376 2033
611 tag 611 1302 2433
612 tag 612 1304 1441
613 tag 613 3474 1763
614 tag 614 3727 1790
615 tag 615 3106 2945
616 comment 616 2764 1882
617 comment 617 1701 3259
618 post 618 1972 3181
619 comment 619 1188 1999
620 post 620 3097 1550
621 forum 621 3122 3072
622 post 622 2687 1534
623 comment 623 2354 1765
624 comment 624 1979 2037
625 post 625 948 1474
626 post 626 2201 1341
627 comment 627 1793 1265
628 forum 628 1761 1776
629 post 629 1544 1805
630 post 630 1176 3028
631 post 631 938 2750
632 country 632 1428 1011
633 country 633 1638 3031
634 tag 634 1769 2331
635 tag 635 2498 2644
636 tag 636 3117 2373
637 tag 637 3347 2868
638 tag 638 1569 1923
639 tag 639 2146 1133
640 person 640 3398 1845
641 tag 641 1972 1736
642 tag 642 1633 2203
643 person 643 1549 1971
644 tag 644 3161 1477
645 person 645 3312 2711
646 tag 646 2913 1936
647 person 647 1896 2062
648 country 648 1000 1881
649 person 649 1611 2544
650 person 650 2804 2907
651 tag 651 2823 1467
652 tag 652 1954 939
653 tag 653 2365 2653
654 tag 654 2829 1631
655 tag 655 2547 3172
656 tag 656 1875 1892
657 country 657 2870 2116
658 country 658 3013 3091
659 tag 659 3942 2563
660 tag 660 3746 2941
661 tag 661 3304 1947
662 person 662 1575 3020
663 tag 663 3263 2296
664 tag 664 3738 2564
665 tag 665 1705 1974
666 tag 666 1468 1386
667 tag 667 2319 3318
668 tag 668 2737 1720
669 tag 669 1630 3316
670 person 670 2244 2221
671 person 671 3632 2391
672 tag 672 3401 1542
673 tag 673 2105 2279
674 tag 674 1860 2730
675 person 675 2630 3034
676 tag 676 1713 2696
677 comment 677 1178 2287
678 tag 678 1804 2016
679 comment 679 1220 3385
680 comment 680 2093 3243
681 comment 681 3138 1946
682 post 682 2986 975
683 forum 683 1300 535
684 forum 684 2058 3011
685 comment 685 2903 793
686 comment 686 1416 3186
687 post 687 3046 2341
688 post 688 1649 1555
689 post 689 2887 1596
690 comment 690 2288 2506
691 comment 691 2436 1024
692 comment 692 2391 1924
693 comment 693 2430 2500
694 country 694 1753 1966
695 country 695 1569 1573
696 tag 696 3285 1999
697 country 697 1019 2519
698 country 698 2536 2150
699 country 699 2260 2254
700 country 700 1988 1903
701 country 701 2331 2096
702 country 702 3281 2274
703 tag 703 1989 2615
704 tag 704 2443 3231
705 tag 705 1896 2834
706 tag 706 3033 3215
707 tag 707 1944 1266
708 tag 708 1898 1580
709 tag 709 2006 1600
710 person 710 585 1175
711 person 711 2711 1102
712 tag 712 1088 2643
713 tag 713 2045 1931
714 tag 714 2743 1712
715 person 715 2432 2339
716 forum 716 2780 1104
717 person 717 2375 3446
718 person 718 2918 2275
719 tag 719 2278 2071
720 person 720 2286 1033
721 tag 721 1642 2199
722 tag 722 2848 1187
723 tag 723 3015 1852
724 post 724 3211 1277
725 comment 725 2278 2638
726 forum 726 3416 1748
727 comment 727 2801 2050
728 comment 728 2976 3420
729 comment 729 3166 1837
730 comment 730 2976 1186
731 post 731 2650 3407
732 comment 732 2362 2417
733 comment 733 2141 1162
734 comment 734 1672 1842
735 comment 735 1685 1801
736 post 736 2583 2476
737 post 737 2436 3087
738 forum 738 2320 2352
739 post 739 2202 2679
740 comment 740 2890 2646
741 post 741 2564 2822
742 comment 742 2271 1746
743 comment 743 2324 1334
744 post 744 1945 2470
745 comment 745 2854 2044
746 comment 746 3340 3365
747 post 747 1497 2147
748 comment 748 2034 1423
749 post 749 1683 1689
750 comment 750 2781 1551
751 comment 751 1851 1734
752 post 752 2220 2090
753 comment 753 3510 2853
754 comment 754 1936 1463
755 post 755 1948 3154
756 comment 756 2272 2030
757 comment 757 2275 3026
758 forum 758 2409 3279
759 forum 759 2393 2521
760 comment 760 2289 1801
761 forum 761 3560 2149
762 comment 762 2173 2894
763 post 763 1945 3030
764 comment 764 1662 2824
765 comment 765 2076 2190
766 post 766 1552 2600
767 comment 767 3728 2396
768 forum 768 3378 1411
769 post 769 1123 1285
770 post 770 3154 2099
771 post 771 1318 2246
772 post 772 2730 2784
773 post 773 3072 2922
774 comment 774 1853 2474
775 post 775 2921 2662
776 comment 776 2775 2289
777 person 777 2795 2799
778 person 778 2136 1827
779 person 779 1757 970
780 person 780 2112 2841
781 comment 781 2291 2874
782 person 782 1744 2581
783 person 783 1129 2643
784 person 784 2423 2619
785 person 785 2443 1752
786 comment 786 1368 2783
787 post 787 1394 2190
788 person 788 2612 2236
789 person 789 1408 1265
790 person 790 1474 1833
791 person 791 2813 2681
792 person 792 1455 2481
793 person 793 1398 1143
794 person 794 3075 1189
795 person 795 2853 2231
796 person 796 1237 1987
797 person 797 3108 2287
798 person 798 2550 2017
799 person 799 3074 3245
800 person 800 2840 3186
801 person 801 3359 2873
802 person 802 2667 1463
803 person 803 2215 1751
804 person 804 1327 1133
805 forum 805 2170 2562
806 post 806 895 1434
807 person 807 2150 2555
808 person 808 2906 2476
809 person 809 1338 3271
810 person 810 2006 2706
811 person 811 2146 1968
812 person 812 1981 3378
813 forum 813 2006 2594
814 comment 814 1497 2175
815 comment 815 2248 1977
816 comment 816 2099 1526
817 comment 817 2576 1749
818 post 818 2185 2302
819 comment 819 3458 2792
820 comment 820 2101 2589
821 comment 821 2177 2473
822 post 822 3210 2494
823 forum 823 2773 1355
824 forum 824 1969 3092
825 post 825 1994 2966
826 post 826 1515 2133
827 comment 827 1560 1587
828 post 828 2971 1612
829 forum 829 2873 2358
830 forum 830 2619 1527
831 comment 831 2556 2589
832 post 832 1865 2190
833 post 833 2123 3337
834 comment 834 2804 2539
835 person 835 2122 2253
836 comment 836 1584 3707
837 person 837 2755 2214
838 person 838 1096 2415
839 comment 839 1685 2598
840 comment 840 2664 3285
841 comment 841 2860 3355
842 post 842 3169 1952
843 forum 843 2829 1913
844 post 844 2333 3006
845 comment 845 2532 1773
846 comment 846 1028 2339
847 post 847 1800 2885
848 comment 848 2748 1577
849 person 849 2419 1799
850 person 850 1474 2984
851 person 851 1011 2640
852 comment 852 949 1487
853 person 853 3249 2632
854 person 854 874 739
855 person 855 1211 1854
856 person 856 2184 2805
857 person 857 2227 1470
858 person 858 1917 1113
859 person 859 3357 2474
860 person 860 1971 1078
861 post 861 1731 3167
862 forum 862 795 691
863 comment 863 2663 2870
864 person 864 2805 1904
865 forum 865 2882 2843
866 person 866 3650 2476
867 person 867 1729 2965
868 person 868 2621 1721
869 person 869 2034 3169
870 comment 870 1594 2403
871 person 871 2029 2014
872 comment 872 2531 2292
873 post 873 1584 2635
874 comment 874 3062 3035
875 comment 875 2255 2145
876 comment 876 2579 2490
877 comment 877 2887 2288
878 comment 878 1501 1322
879 post 879 2745 1621
880 post 880 2101 1755
881 post 881 1206 2643
882 post 882 1376 1776
883 post 883 2092 1832
884 post 884 1653 1721
885 comment 885 1716 2898
886 comment 886 2730 2301
887 post 887 1919 2522
888 comment 888 2449 1040
889 post 889 1217 1554
890 post 890 2276 2134
891 post 891 2219 3455
892 comment 892 2600 2125
893 comment 893 2710 1868
894 comment 894 1839 2236
895 comment 895 1231 1990
896 comment 896 1333 1899
897 comment 897 2681 2145
898 comment 898 2958 1742
899 post 899 2077 3481
900 comment 900 2735 2936
901 post 901 703 3627
902 comment 902 2034 3546
903 forum 903 2225 2723
904 comment 904 3675 2033
905 forum 905 2418 2378
906 person 906 2833 3476
907 person 907 2869 1704
908 person 908 2540 1325
909 person 909 2229 1566
910 person 910 2083 1958
911 person 911 2756 2715
912 person 912 1994 2002
913 person 913 2853 2891
914 person 914 2820 1628
915 person 915 1539 2325
916 person 916 2680 2944
917 person 917 2926 924
918 post 918 2154 2220
919 post 919 2054 903
920 comment 920 1978 3042
921 comment 921 2754 2150
922 comment 922 1454 1561
923 post 923 2353 2607
924 comment 924 1508 2408
925 comment 925 2218 2944
926 comment 926 2480 1813
927 post 927 2880 1693
928 comment 928 2721 2196
929 comment 929 1705 2369
930 forum 930 2374 1381
931 forum 931 2243 1409
932 post 932 1925 2600
933 comment 933 1787 1782
934 comment 934 1707 3021
935 comment 935 2102 2316
936 forum 936 2433 2549
937 comment 937 1932 2016
938 comment 938 2491 3199
939 post 939 2321 1771
940 comment 940 1890 1467
941 comment 941 2467 3178
942 forum 942 1863 3308
943 comment 943 1527 2804
944 forum 944 1108 2263
945 comment 945 1226 2883
946 comment 946 2068 2698
947 comment 947 3308 2383
948 comment 948 2446 1074
949 forum 949 1697 2882
950 person 950 1453 3015
951 person 951 2006 1612
952 person 952 2198 418
953 person 953 2248 2168
954 person 954 2179 1934
955 person 955 2739 2446
956 person 956 2110 1445
957 post 957 1735 1451
958 post 958 1144 2728
959 post 959 3153 3282
960 comment 960 2950 2740
961 comment 961 1734 1424
962 post 962 2865 3321
963 post 963 2380 3069
964 person 964 1373 1131
965 person 965 1452 1763
966 person 966 2761 1389
967 person 967 1988 2000
968 person 968 2087 1233
969 person 969 2082 1818
970 person 970 1254 2938
971 person 971 1912 2202
972 person 972 2995 3448
973 person 973 3230 1475
974 person 974 2479 2644
975 person 975 2461 2016
976 person 976 2408 1959
977 person 977 2044 1681
978 person 978 2841 2967
979 comment 979 2890 2970
980 comment 980 2915 2507
981 post 981 1005 2161
982 comment 982 1637 1530
983 comment 983 1287 2114
984 post 984 2930 2850
985 comment 985 1454 1954
986 comment 986 1631 2694
987 person 987 2472 2110
988 person 988 1986 2272
989 person 989 3678 1500
990 person 990 1936 1993
991 person 991 3006 2665
992 person 992 3650 2930
993 person 993 3407 2781
994 person 994 2983 2964
995 person 995 1909 1234
996 person 996 812 2885
997 person 997 2532 3205
998 post 998 2500 2791
999 forum 999 623 1471
1000 person 1000 2284 1241
1001 person 1001 1314 3146
1002 person 1002 3246 2024
1003 person 1003 1211 2110
1004 person 1004 2094 2233
1005 person 1005 1394 2928
1006 person 1006 1662 2370
1007 person 1007 1795 3008
1008 person 1008 3088 3677
1009 person 1009 2906 2074
1010 person 1010 2344 1350
1011 person 1011 3115 2694
1012 person 1012 1716 2827
1013 post 1013 1586 2031
1014 comment 1014 2547 2683
1015 comment 1015 1058 1308
1016 post 1016 1634 1611
1017 post 1017 981 3073
1018 person 1018 2732 2809
1019 person 1019 1105 2381
1020 person 1020 1052 2188
1021 person 1021 3237 2165
1022 person 1022 1580 1769
1023 person 1023 2869 1728
1024 comment 1024 2400 1870
1025 comment 1025 2794 2000
1026 forum 1026 2631 3450
1027 comment 1027 2558 1331
1028 person 1028 1857 1831
1029 person 1029 2593 2195
1030 person 1030 2615 1404
1031 person 1031 1907 2241
1032 person 1032 1612 2415
